% Intrinsic and Extrinsic Camera Parameters
%
% This script file can be directly executed under Matlab to recover the camera intrinsic and extrinsic parameters.
% IMPORTANT: This file contains neither the structure of the calibration objects nor the image coordinates of the calibration points.
%            All those complementary variables are saved in the complete matlab data file Calib_Results.mat.
% For more information regarding the calibration model visit http://www.vision.caltech.edu/bouguetj/calib_doc/


%-- Focal length:
fc = [ 2727.767028078853855 ; 2720.090277853715179 ];

%-- Principal point:
cc = [ 1885.926553115647266 ; 1485.268587595198369 ];

%-- Skew coefficient:
alpha_c = 0.000000000000000;

%-- Distortion coefficients:
kc = [ 0.015906024726313 ; -0.021314059935438 ; 0.000506189457077 ; -0.000957563511908 ; 0.000000000000000 ];

%-- Focal length uncertainty:
fc_error = [ 8.854125714056378 ; 8.650283591698908 ];

%-- Principal point uncertainty:
cc_error = [ 8.946722234541600 ; 7.610748396834762 ];

%-- Skew coefficient uncertainty:
alpha_c_error = 0.000000000000000;

%-- Distortion coefficients uncertainty:
kc_error = [ 0.010199105971919 ; 0.035565401705659 ; 0.001020613767024 ; 0.001261288595818 ; 0.000000000000000 ];

%-- Image size:
nx = 4000;
ny = 3000;


%-- Various other variables (may be ignored if you do not use the Matlab Calibration Toolbox):
%-- Those variables are used to control which intrinsic parameters should be optimized

n_ima = 28;						% Number of calibration images
est_fc = [ 1 ; 1 ];					% Estimation indicator of the two focal variables
est_aspect_ratio = 1;				% Estimation indicator of the aspect ratio fc(2)/fc(1)
center_optim = 1;					% Estimation indicator of the principal point
est_alpha = 0;						% Estimation indicator of the skew coefficient
est_dist = [ 1 ; 1 ; 1 ; 1 ; 0 ];	% Estimation indicator of the distortion coefficients


%-- Extrinsic parameters:
%-- The rotation (omc_kk) and the translation (Tc_kk) vectors for every calibration image and their uncertainties

%-- Image #1:
omc_1 = [ 2.124424e+00 ; 2.187629e+00 ; -8.639221e-02 ];
Tc_1  = [ -9.490390e+01 ; -7.071485e+01 ; 2.777230e+02 ];
omc_error_1 = [ 3.645344e-03 ; 3.875896e-03 ; 7.842859e-03 ];
Tc_error_1  = [ 9.301919e-01 ; 7.940700e-01 ; 1.057645e+00 ];

%-- Image #2:
omc_2 = [ 1.926311e+00 ; 1.970749e+00 ; 2.334992e-01 ];
Tc_2  = [ -6.587575e+01 ; -7.763195e+01 ; 2.148489e+02 ];
omc_error_2 = [ 2.992192e-03 ; 2.962399e-03 ; 5.271900e-03 ];
Tc_error_2  = [ 7.322397e-01 ; 6.123820e-01 ; 8.200092e-01 ];

%-- Image #3:
omc_3 = [ 2.200730e+00 ; 1.967682e+00 ; -5.289110e-01 ];
Tc_3  = [ -1.184894e+02 ; -6.477835e+01 ; 2.817987e+02 ];
omc_error_3 = [ 2.608331e-03 ; 3.206876e-03 ; 5.994492e-03 ];
Tc_error_3  = [ 9.365683e-01 ; 8.114228e-01 ; 9.293539e-01 ];

%-- Image #4:
omc_4 = [ -1.806155e+00 ; -2.455924e+00 ; 3.156207e-01 ];
Tc_4  = [ -8.146369e+01 ; -9.976501e+01 ; 2.807360e+02 ];
omc_error_4 = [ 3.030519e-03 ; 3.613461e-03 ; 6.695571e-03 ];
Tc_error_4  = [ 9.375493e-01 ; 7.968790e-01 ; 9.793474e-01 ];

%-- Image #5:
omc_5 = [ -2.041602e+00 ; -2.221958e+00 ; -1.884433e-01 ];
Tc_5  = [ -9.132870e+01 ; -5.563764e+01 ; 2.286353e+02 ];
omc_error_5 = [ 2.673540e-03 ; 3.416683e-03 ; 6.392776e-03 ];
Tc_error_5  = [ 7.697180e-01 ; 6.723921e-01 ; 8.855403e-01 ];

%-- Image #6:
omc_6 = [ 1.783227e+00 ; 2.282060e+00 ; -9.384001e-01 ];
Tc_6  = [ -5.018795e+01 ; -1.079819e+02 ; 4.029711e+02 ];
omc_error_6 = [ 2.882961e-03 ; 3.983210e-03 ; 6.263591e-03 ];
Tc_error_6  = [ 1.355315e+00 ; 1.153164e+00 ; 1.145719e+00 ];

%-- Image #7:
omc_7 = [ 1.924715e+00 ; 2.077863e+00 ; -6.356269e-01 ];
Tc_7  = [ -7.926450e+01 ; -6.698830e+01 ; 3.735814e+02 ];
omc_error_7 = [ 3.229295e-03 ; 3.899975e-03 ; 6.840075e-03 ];
Tc_error_7  = [ 1.234642e+00 ; 1.060379e+00 ; 1.156091e+00 ];

%-- Image #8:
omc_8 = [ 1.724430e+00 ; 2.108347e+00 ; -2.299836e-01 ];
Tc_8  = [ -5.328962e+01 ; -8.536670e+01 ; 3.280752e+02 ];
omc_error_8 = [ 3.041101e-03 ; 3.896332e-03 ; 6.264227e-03 ];
Tc_error_8  = [ 1.089271e+00 ; 9.236612e-01 ; 1.157071e+00 ];

%-- Image #9:
omc_9 = [ 1.768347e+00 ; 2.271447e+00 ; 7.355959e-02 ];
Tc_9  = [ -2.600944e+01 ; -8.641654e+01 ; 3.028950e+02 ];
omc_error_9 = [ 3.464604e-03 ; 4.030748e-03 ; 7.004769e-03 ];
Tc_error_9  = [ 1.009100e+00 ; 8.523352e-01 ; 1.194984e+00 ];

%-- Image #10:
omc_10 = [ 1.918975e+00 ; 2.350995e+00 ; 2.981009e-01 ];
Tc_10  = [ -6.513574e+01 ; -8.488255e+01 ; 2.792357e+02 ];
omc_error_10 = [ 3.741511e-03 ; 4.242563e-03 ; 8.117750e-03 ];
Tc_error_10  = [ 9.476709e-01 ; 8.110528e-01 ; 1.165490e+00 ];

%-- Image #11:
omc_11 = [ -1.965505e+00 ; -2.358690e+00 ; -2.505002e-01 ];
Tc_11  = [ -9.240072e+01 ; -7.489054e+01 ; 2.892867e+02 ];
omc_error_11 = [ 3.815321e-03 ; 4.625947e-03 ; 8.787969e-03 ];
Tc_error_11  = [ 9.776979e-01 ; 8.499534e-01 ; 1.207420e+00 ];

%-- Image #12:
omc_12 = [ -1.945608e+00 ; -2.305293e+00 ; 6.132503e-02 ];
Tc_12  = [ -1.008929e+02 ; -7.497186e+01 ; 3.158490e+02 ];
omc_error_12 = [ 3.866807e-03 ; 4.705804e-03 ; 8.661964e-03 ];
Tc_error_12  = [ 1.049876e+00 ; 9.074976e-01 ; 1.202545e+00 ];

%-- Image #13:
omc_13 = [ -1.978326e+00 ; -2.235211e+00 ; 4.890152e-01 ];
Tc_13  = [ -7.123024e+01 ; -1.008987e+02 ; 3.782364e+02 ];
omc_error_13 = [ 4.119918e-03 ; 4.080371e-03 ; 8.556239e-03 ];
Tc_error_13  = [ 1.265511e+00 ; 1.066621e+00 ; 1.225385e+00 ];

%-- Image #14:
omc_14 = [ 1.870641e+00 ; 2.101217e+00 ; -2.786166e-01 ];
Tc_14  = [ -1.126885e+02 ; -1.012919e+02 ; 3.268013e+02 ];
omc_error_14 = [ 2.915295e-03 ; 4.233730e-03 ; 6.680640e-03 ];
Tc_error_14  = [ 1.095206e+00 ; 9.401356e-01 ; 1.158083e+00 ];

%-- Image #15:
omc_15 = [ 1.258247e+00 ; 2.255961e+00 ; 4.171700e-01 ];
Tc_15  = [ -1.494797e+00 ; -9.318622e+01 ; 2.638836e+02 ];
omc_error_15 = [ 2.767728e-03 ; 3.638215e-03 ; 4.742098e-03 ];
Tc_error_15  = [ 8.794433e-01 ; 7.462661e-01 ; 1.023690e+00 ];

%-- Image #16:
omc_16 = [ 1.265858e+00 ; 2.263409e+00 ; 4.192027e-01 ];
Tc_16  = [ -5.789198e+00 ; -9.845035e+01 ; 2.599694e+02 ];
omc_error_16 = [ 2.730443e-03 ; 3.672925e-03 ; 4.748234e-03 ];
Tc_error_16  = [ 8.705276e-01 ; 7.358441e-01 ; 1.010258e+00 ];

%-- Image #17:
omc_17 = [ 1.595794e+00 ; 2.428502e+00 ; 6.733219e-01 ];
Tc_17  = [ -1.198976e+01 ; -6.870468e+01 ; 2.283263e+02 ];
omc_error_17 = [ 3.366746e-03 ; 3.210833e-03 ; 5.607218e-03 ];
Tc_error_17  = [ 7.619640e-01 ; 6.587693e-01 ; 9.649225e-01 ];

%-- Image #18:
omc_18 = [ 1.839063e+00 ; 2.423119e+00 ; 5.847804e-01 ];
Tc_18  = [ -4.537439e+01 ; -6.459795e+01 ; 2.362368e+02 ];
omc_error_18 = [ 3.519715e-03 ; 3.164422e-03 ; 6.463863e-03 ];
Tc_error_18  = [ 7.960494e-01 ; 6.887843e-01 ; 1.000632e+00 ];

%-- Image #19:
omc_19 = [ -1.875186e+00 ; -2.407473e+00 ; -3.412193e-01 ];
Tc_19  = [ -7.594352e+01 ; -6.308060e+01 ; 2.684283e+02 ];
omc_error_19 = [ 3.022090e-03 ; 4.278189e-03 ; 7.605737e-03 ];
Tc_error_19  = [ 9.031937e-01 ; 7.861259e-01 ; 1.120034e+00 ];

%-- Image #20:
omc_20 = [ -1.857697e+00 ; -2.410639e+00 ; -5.375389e-02 ];
Tc_20  = [ -1.010342e+02 ; -8.799194e+01 ; 2.963171e+02 ];
omc_error_20 = [ 3.715210e-03 ; 4.654248e-03 ; 8.499262e-03 ];
Tc_error_20  = [ 9.931354e-01 ; 8.618460e-01 ; 1.166498e+00 ];

%-- Image #21:
omc_21 = [ -2.201472e+00 ; -2.121656e+00 ; 3.263145e-01 ];
Tc_21  = [ -1.063798e+02 ; -7.205745e+01 ; 3.339607e+02 ];
omc_error_21 = [ 4.130308e-03 ; 3.720772e-03 ; 8.597566e-03 ];
Tc_error_21  = [ 1.107912e+00 ; 9.480969e-01 ; 1.159645e+00 ];

%-- Image #22:
omc_22 = [ 2.439492e+00 ; 1.575016e+00 ; -6.423654e-01 ];
Tc_22  = [ -1.200204e+02 ; -1.808773e+01 ; 3.387434e+02 ];
omc_error_22 = [ 3.438131e-03 ; 3.149773e-03 ; 6.677591e-03 ];
Tc_error_22  = [ 1.119648e+00 ; 9.676208e-01 ; 1.060625e+00 ];

%-- Image #23:
omc_23 = [ 1.423709e+00 ; 2.082178e+00 ; -2.097433e-01 ];
